118
25
25
2
125
25
1
225
25
1
325
25
3
425
25
2
525
25
2
625
25
3
725
25
1
825
25
3
925
25
3
1025
25
3
75
75
1
175
75
1
275
75
1
375
75
1
475
75
1
575
75
2
675
75
1
775
75
1
875
75
3
975
75
2
25
125
3
125
125
1
225
125
2
325
125
1
425
125
2
525
125
1
625
125
2
725
125
1
825
125
1
925
125
2
1025
125
3
75
175
3
275
175
1
575
175
2
675
175
2
775
175
2
875
175
2
975
175
1
25
25
3
125
25
3
225
25
3
325
25
1
425
25
3
525
25
3
625
25
3
725
25
2
825
25
1
925
25
3
1025
25
1
75
75
1
175
75
3
275
75
2
375
75
1
475
75
2
575
75
3
675
75
1
775
75
3
875
75
1
975
75
1
25
125
3
125
125
3
225
125
3
325
125
1
525
125
1
625
125
3
725
125
2
825
125
3
925
125
1
1025
125
3
75
175
3
275
175
1
575
175
3
675
175
2
775
175
2
875
175
2
975
175
2
25
25
1
125
25
3
225
25
1
325
25
3
425
25
2
525
25
2
625
25
3
725
25
3
825
25
1
925
25
1
1025
25
2
75
75
1
175
75
1
275
75
3
375
75
3
475
75
3
575
75
1
675
75
2
775
75
1
875
75
2
975
75
1
25
125
1
125
125
1
225
125
2
325
125
1
425
125
2
525
125
2
625
125
2
725
125
3
825
125
1
925
125
2
1025
125
3
75
175
3
175
175
1
275
175
3
375
175
3
575
175
2
675
175
1
775
175
2
875
175
2
975
175
3
105
300
-6
10
360
530
1
250
